month,AIRPORT,Dom_Pax_In,Dom_Pax_Out,Dom_Pax_Total,Int_Pax_In,Int_Pax_Out,Int_Pax_Total,Pax_In,Pax_Out,Pax_Total
1985/1/1,All Australian Airports,1192395,1192395,2384790,263795,208770,472565,1456190,1401165,2857355
1985/2/1,All Australian Airports,957067,957067,1914134,204953,179222,384175,1162020,1136289,2298309
1985/3/1,All Australian Airports,1125440,1125440,2250880,209513,231582,441095,1334953,1357022,2691975
1985/4/1,All Australian Airports,1134341,1134341,2268682,182673,214403,397076,1317014,1348744,2665758
1985/5/1,All Australian Airports,1261049,1261049,2522098,198902,224350,423252,1459951,1485399,2945350
1985/6/1,All Australian Airports,1103678,1103678,2207356,193943,209080,403023,1297621,1312758,2610379
1985/7/1,All Australian Airports,1072786,1072786,2145572,206179,196596,402775,1278965,1269382,2548347
1985/8/1,All Australian Airports,1273956,1273956,2547912,216594,229109,445703,1490550,1503065,2993615
1985/9/1,All Australian Airports,1287769,1287769,2575538,243608,197542,441150,1531377,1485311,3016688
1985/10/1,All Australian Airports,1254244,1254244,2508488,249262,178319,427581,1503506,1432563,2936069
1985/11/1,All Australian Airports,1213429,1213429,2426858,233980,211234,445214,1447409,1424663,2872072
1985/12/1,All Australian Airports,1221294,1221294,2442588,243329,273435,516764,1464623,1494729,2959352
1986/1/1,All Australian Airports,1274458,1274458,2548916,292576,237224,529800,1567034,1511682,3078716
1986/2/1,All Australian Airports,1085561,1085561,2171122,223688,188004,411692,1309249,1273565,2582814
1986/3/1,All Australian Airports,1232739,1232739,2465478,225416,241557,466973,1458155,1474296,2932451
1986/4/1,All Australian Airports,1210883,1210883,2421766,208330,243972,452302,1419213,1454855,2874068
1986/5/1,All Australian Airports,1273662,1273662,2547324,214800,239637,454437,1488462,1513299,3001761
1986/6/1,All Australian Airports,1143147,1143147,2286294,209651,220335,429986,1352798,1363482,2716280
1986/7/1,All Australian Airports,1184132,1184132,2368264,239617,228905,468522,1423749,1413037,2836786
1986/8/1,All Australian Airports,1338199,1338199,2676398,255503,261532,517035,1593702,1599731,3193433
1986/9/1,All Australian Airports,1293720,1293720,2587440,266920,221479,488399,1560640,1515199,3075839
1986/10/1,All Australian Airports,1326396,1326396,2652792,282320,213632,495952,1608716,1540028,3148744
1986/11/1,All Australian Airports,1214455,1214455,2428910,274844,250773,525617,1489299,1465228,2954527
1986/12/1,All Australian Airports,1253728,1253728,2507456,280169,297553,577722,1533897,1551281,3085178
1987/1/1,All Australian Airports,1306407,1306407,2612814,336241,278842,615083,1642648,1585249,3227897
1987/2/1,All Australian Airports,1135705,1135705,2271410,263562,233605,497167,1399267,1369310,2768577
1987/3/1,All Australian Airports,1241299,1241299,2482598,246336,274131,520467,1487635,1515430,3003065
1987/4/1,All Australian Airports,1321084,1321084,2642168,245843,258248,504091,1566927,1579332,3146259
1987/5/1,All Australian Airports,1208563,1208563,2417126,234032,269714,503746,1442595,1478277,2920872
1987/6/1,All Australian Airports,1178189,1178189,2356378,229533,251647,481180,1407722,1429836,2837558
1987/7/1,All Australian Airports,1386508,1386508,2773016,304662,273355,578017,1691170,1659863,3351033
1987/8/1,All Australian Airports,1316872,1316872,2633744,290267,292715,582982,1607139,1609587,3216726
1987/9/1,All Australian Airports,1378347,1378347,2756694,293051,284202,577253,1671398,1662549,3333947
1987/10/1,All Australian Airports,1460138,1460138,2920276,358523,261408,619931,1818661,1721546,3540207
1987/11/1,All Australian Airports,1338374,1338374,2676748,311171,278325,589496,1649545,1616699,3266244
1987/12/1,All Australian Airports,1330040,1330040,2660080,323057,321962,645019,1653097,1652002,3305099
1988/1/1,All Australian Airports,1363561,1363561,2727122,371659,322979,694638,1735220,1686540,3421760
1988/2/1,All Australian Airports,1222706,1222706,2445412,302167,265724,567891,1524873,1488430,3013303
1988/3/1,All Australian Airports,1373375,1373375,2746750,298283,310622,608905,1671658,1683997,3355655
1988/4/1,All Australian Airports,1315299,1315299,2630598,288218,297783,586001,1603517,1613082,3216599
1988/5/1,All Australian Airports,1349328,1349328,2698656,264494,307690,572184,1613822,1657018,3270840
1988/6/1,All Australian Airports,1346807,1346807,2693614,287424,302002,589426,1634231,1648809,3283040
1988/7/1,All Australian Airports,1542634,1542634,3085268,366504,320304,686808,1909138,1862938,3772076
1988/8/1,All Australian Airports,1502451,1502451,3004902,340569,339043,679612,1843020,1841494,3684514
1988/9/1,All Australian Airports,1600562,1600562,3201124,348421,346881,695302,1948983,1947443,3896426
1988/10/1,All Australian Airports,1545842,1545842,3091684,392404,312920,705324,1938246,1858762,3797008
1988/11/1,All Australian Airports,1357601,1357601,2715202,341635,312110,653745,1699236,1669711,3368947
1988/12/1,All Australian Airports,1339087,1339087,2678174,353341,373605,726946,1692428,1712692,3405120
1989/1/1,All Australian Airports,1317565,1317565,2635130,406078,353027,759105,1723643,1670592,3394235
1989/2/1,All Australian Airports,1152626,1152626,2305252,325524,279992,605516,1478150,1432618,2910768
1989/3/1,All Australian Airports,1394457,1394457,2788914,310085,342512,652597,1704542,1736969,3441511
1989/4/1,All Australian Airports,1256371,1256371,2512742,299136,315425,614561,1555507,1571796,3127303
1989/5/1,All Australian Airports,1221574,1221574,2443148,254512,299689,554201,1476086,1521263,2997349
1989/6/1,All Australian Airports,1267056,1267056,2534112,284425,312446,596871,1551481,1579502,3130983
1989/7/1,All Australian Airports,1376939,1376939,2753878,370111,317490,687601,1747050,1694429,3441479
1989/8/1,All Australian Airports,893167,893167,1786334,324349,338415,662764,1217516,1231582,2449098
1989/9/1,All Australian Airports,364884,364884,729768,341728,341420,683148,706612,706304,1412916
1989/10/1,All Australian Airports,599969,599969,1199938,391321,292732,684053,991290,892701,1883991
1989/11/1,All Australian Airports,764842,764842,1529684,343052,311100,654152,1107894,1075942,2183836
1989/12/1,All Australian Airports,946235,946235,1892470,365371,411163,776534,1311606,1357398,2669004
1990/1/1,All Australian Airports,1108884,1108884,2217768,434987,370070,805057,1543871,1478954,3022825
1990/2/1,All Australian Airports,1015822,1015822,2031644,348203,294226,642429,1364025,1310048,2674073
1990/3/1,All Australian Airports,1187096,1187096,2374192,323246,351298,674544,1510342,1538394,3048736
1990/4/1,All Australian Airports,1261914,1261914,2523828,335754,370333,706087,1597668,1632247,3229915
1990/5/1,All Australian Airports,1166929,1166929,2333858,290503,331581,622084,1457432,1498510,2955942
1990/6/1,All Australian Airports,1174963,1174963,2349926,306690,347626,654316,1481653,1522589,3004242
1990/7/1,All Australian Airports,1358027,1358027,2716054,396377,351530,747907,1754404,1709557,3463961
1990/8/1,All Australian Airports,1304999,1304999,2609998,362706,365264,727970,1667705,1670263,3337968
1990/9/1,All Australian Airports,1395204,1395204,2790408,365425,370343,735768,1760629,1765547,3526176
1990/10/1,All Australian Airports,1462192,1462192,2924384,415331,311123,726454,1877523,1773315,3650838
1990/11/1,All Australian Airports,1367879,1367879,2735758,350086,333334,683420,1717965,1701213,3419178
1990/12/1,All Australian Airports,1396142,1396142,2792284,373740,422449,796189,1769882,1818591,3588473
1991/1/1,All Australian Airports,1487428,1487428,2974856,436936,366581,803517,1924364,1854009,3778373
1991/2/1,All Australian Airports,1197027,1197027,2394054,323487,294390,617877,1520514,1491417,3011931
1991/3/1,All Australian Airports,1364028,1364028,2728056,319028,348723,667751,1683056,1712751,3395807
1991/4/1,All Australian Airports,1424785,1424785,2849570,300563,320391,620954,1725348,1745176,3470524
1991/5/1,All Australian Airports,1352652,1352652,2705304,289444,326351,615795,1642096,1679003,3321099
1991/6/1,All Australian Airports,1426404,1426404,2852808,324042,356867,680909,1750446,1783271,3533717
1991/7/1,All Australian Airports,1760937,1760937,3521874,409725,364182,773907,2170662,2125119,4295781
1991/8/1,All Australian Airports,1709216,1709216,3418432,371301,375371,746672,2080517,2084587,4165104
1991/9/1,All Australian Airports,1870074,1870074,3740148,378629,382911,761540,2248703,2252985,4501688
1991/10/1,All Australian Airports,1950933,1950933,3901866,435723,353070,788793,2386656,2304003,4690659
1991/11/1,All Australian Airports,1820650,1820650,3641300,381203,378711,759914,2201853,2199361,4401214
1991/12/1,All Australian Airports,1841607,1841607,3683214,383963,430985,814948,2225570,2272592,4498162
1992/1/1,All Australian Airports,1806414,1806414,3612828,452237,384720,836957,2258651,2191134,4449785
1992/2/1,All Australian Airports,1480280,1480280,2960560,380351,342690,723041,1860631,1822970,3683601
1992/3/1,All Australian Airports,1578324,1578324,3156648,343875,376487,720362,1922199,1954811,3877010
1992/4/1,All Australian Airports,1659060,1659060,3318120,358914,390167,749081,2017974,2049227,4067201
1992/5/1,All Australian Airports,1532455,1532455,3064910,320192,363908,684100,1852647,1896363,3749010
1992/6/1,All Australian Airports,1515243,1515243,3030486,322929,360645,683574,1838172,1875888,3714060
1992/7/1,All Australian Airports,1749523,1749523,3499046,435768,393798,829566,2185291,2143321,4328612
1992/8/1,All Australian Airports,1637838,1637838,3275676,376059,380893,756952,2013897,2018731,4032628
1992/9/1,All Australian Airports,1791688,1791688,3583376,386283,400593,786876,2177971,2192281,4370252
1992/10/1,All Australian Airports,1883093,1883093,3766186,457934,355498,813432,2341027,2238591,4579618
1992/11/1,All Australian Airports,1758142,1758142,3516284,405635,397517,803152,2163777,2155659,4319436
1992/12/1,All Australian Airports,1793321,1793321,3586642,430288,490547,920835,2223609,2283868,4507477
1993/1/1,All Australian Airports,1879330,1879330,3758660,516585,438365,954950,2395915,2317695,4713610
1993/2/1,All Australian Airports,1582441,1582441,3164882,405308,356814,762122,1987749,1939255,3927004
1993/3/1,All Australian Airports,1729121,1729121,3458242,389293,413113,802406,2118414,2142234,4260648
1993/4/1,All Australian Airports,1816245,1816245,3632490,385172,416542,801714,2201417,2232787,4434204
1993/5/1,All Australian Airports,1646109,1646109,3292218,356028,408986,765014,2002137,2055095,4057232
1993/6/1,All Australian Airports,1656336,1656336,3312672,358340,403706,762046,2014676,2060042,4074718
1993/7/1,All Australian Airports,1816327,1816327,3632654,472768,403100,875868,2289095,2219427,4508522
1993/8/1,All Australian Airports,1798686,1798686,3597372,413429,426981,840410,2212115,2225667,4437782
1993/9/1,All Australian Airports,1904842,1904842,3809684,421487,429754,851241,2326329,2334596,4660925
1993/10/1,All Australian Airports,1981066,1981066,3962132,506269,405797,912066,2487335,2386863,4874198
1993/11/1,All Australian Airports,1895808,1895808,3791616,432614,438218,870832,2328422,2334026,4662448
1993/12/1,All Australian Airports,1896132,1896132,3792264,470552,509064,979616,2366684,2405196,4771880
1994/1/1,All Australian Airports,1959240,1959240,3918480,527407,469469,996876,2486647,2428709,4915356
1994/2/1,All Australian Airports,1752119,1752119,3504238,460291,417938,878229,2212410,2170057,4382467
1994/3/1,All Australian Airports,2017836,2017836,4035672,457106,479516,936622,2474942,2497352,4972294
1994/4/1,All Australian Airports,1942669,1942669,3885338,420003,448911,868914,2362672,2391580,4754252
1994/5/1,All Australian Airports,1822666,1822666,3645332,359926,418249,778175,2182592,2240915,4423507
1994/6/1,All Australian Airports,1881521,1881521,3763042,398165,434962,833127,2279686,2316483,4596169
1994/7/1,All Australian Airports,2115581,2115581,4231162,522764,453194,975958,2638345,2568775,5207120
1994/8/1,All Australian Airports,2052569,2052569,4105138,451024,470159,921183,2503593,2522728,5026321
1994/9/1,All Australian Airports,2161239,2161239,4322478,466412,464745,931157,2627651,2625984,5253635
1994/10/1,All Australian Airports,2251862,2251862,4503724,543192,444819,988011,2795054,2696681,5491735
1994/11/1,All Australian Airports,2114914,2114914,4229828,468686,465186,933872,2583600,2580100,5163700
1994/12/1,All Australian Airports,2074197,2074197,4148394,516874,554602,1071476,2591071,2628799,5219870
1995/1/1,All Australian Airports,2198830,2198830,4397660,589329,519315,1108644,2788159,2718145,5506304
1995/2/1,All Australian Airports,1910419,1910419,3820838,490333,439366,929699,2400752,2349785,4750537
1995/3/1,All Australian Airports,2088894,2088894,4177788,466598,502616,969214,2555492,2591510,5147002
1995/4/1,All Australian Airports,2126236,2126236,4252472,469570,498096,967666,2595806,2624332,5220138
1995/5/1,All Australian Airports,1976056,1976056,3952112,407934,461791,869725,2383990,2437847,4821837
1995/6/1,All Australian Airports,2020555,2020555,4041110,437595,461553,899148,2458150,2482108,4940258
1995/7/1,All Australian Airports,2230135,2230135,4460270,576773,503218,1079991,2806908,2733353,5540261
1995/8/1,All Australian Airports,2259507,2259507,4519014,498982,518535,1017517,2758489,2778042,5536531
1995/9/1,All Australian Airports,2301857,2301857,4603714,494221,500676,994897,2796078,2802533,5598611
1995/10/1,All Australian Airports,2363451,2363451,4726902,574700,466206,1040906,2938151,2829657,5767808
1995/11/1,All Australian Airports,2257961,2257961,4515922,510998,506151,1017149,2768959,2764112,5533071
1995/12/1,All Australian Airports,2223827,2223827,4447654,564233,604419,1168652,2788060,2828246,5616306
1996/1/1,All Australian Airports,2298728,2298728,4597456,625708,558520,1184228,2924436,2857248,5781684
1996/2/1,All Australian Airports,2046935,2046935,4093870,565345,496045,1061390,2612280,2542980,5155260
1996/3/1,All Australian Airports,2235848,2235848,4471696,528958,570914,1099872,2764806,2806762,5571568
1996/4/1,All Australian Airports,2255828,2255828,4511656,523996,537998,1061994,2779824,2793826,5573650
1996/5/1,All Australian Airports,2142058,2142058,4284116,430732,485036,915768,2572790,2627094,5199884
1996/6/1,All Australian Airports,2151907,2151907,4303814,497238,539849,1037087,2649145,2691756,5340901
1996/7/1,All Australian Airports,2344926,2344926,4689852,600167,531934,1132101,2945093,2876860,5821953
1996/8/1,All Australian Airports,2305139,2305139,4610278,539877,566540,1106417,2845016,2871679,5716695
1996/9/1,All Australian Airports,2385737,2385737,4771474,543871,549898,1093769,2929608,2935635,5865243
1996/10/1,All Australian Airports,2485662,2485662,4971324,638351,516377,1154728,3124013,3002039,6126052
1996/11/1,All Australian Airports,2279292,2279292,4558584,573063,559022,1132085,2852355,2838314,5690669
1996/12/1,All Australian Airports,2299767,2299767,4599534,623712,664036,1287748,2923479,2963803,5887282
1997/1/1,All Australian Airports,2295584,2295584,4591168,675571,614026,1289597,2971155,2909610,5880765
1997/2/1,All Australian Airports,2053807,2053807,4107614,593466,525705,1119171,2647273,2579512,5226785
1997/3/1,All Australian Airports,2309410,2309410,4618820,582353,615104,1197457,2891763,2924514,5816277
1997/4/1,All Australian Airports,2265485,2265485,4530970,528376,564554,1092930,2793861,2830039,5623900
1997/5/1,All Australian Airports,2135558,2135558,4271116,477793,541424,1019217,2613351,2676982,5290333
1997/6/1,All Australian Airports,2146095,2146095,4292190,519046,574214,1093260,2665141,2720309,5385450
1997/7/1,All Australian Airports,2389183,2389183,4778366,684123,590935,1275058,3073306,2980118,6053424
1997/8/1,All Australian Airports,2399677,2399677,4799354,561304,600551,1161855,2960981,3000228,5961209
1997/9/1,All Australian Airports,2406584,2406584,4813168,575532,572064,1147596,2982116,2978648,5960764
1997/10/1,All Australian Airports,2553594,2553594,5107188,672911,554111,1227022,3226505,3107705,6334210
1997/11/1,All Australian Airports,2288842,2288842,4577684,594835,594323,1189158,2883677,2883165,5766842
1997/12/1,All Australian Airports,2266256,2266256,4532512,608928,653606,1262534,2875184,2919862,5795046
1998/1/1,All Australian Airports,2318659,2318659,4637318,680064,614301,1294365,2998723,2932960,5931683
1998/2/1,All Australian Airports,2047282,2047282,4094564,568733,515811,1084544,2616015,2563093,5179108
1998/3/1,All Australian Airports,2320728,2320728,4641456,535256,573299,1108555,2855984,2894027,5750011
1998/4/1,All Australian Airports,2313393,2313393,4626786,564847,602595,1167442,2878240,2915988,5794228
1998/5/1,All Australian Airports,2209356,2209356,4418712,500921,563877,1064798,2710277,2773233,5483510
1998/6/1,All Australian Airports,2223474,2223474,4446948,530216,566970,1097186,2753690,2790444,5544134
1998/7/1,All Australian Airports,2410901,2410901,4821802,664791,582535,1247326,3075692,2993436,6069128
1998/8/1,All Australian Airports,2368495,2368495,4736990,581496,621787,1203283,2949991,2990282,5940273
1998/9/1,All Australian Airports,2418346,2418346,4836692,601615,591979,1193594,3019961,3010325,6030286
1998/10/1,All Australian Airports,2571842,2571842,5143684,692703,586039,1278742,3264545,3157881,6422426
1998/11/1,All Australian Airports,2331596,2331596,4663192,595261,597381,1192642,2926857,2928977,5855834
1998/12/1,All Australian Airports,2332538,2332538,4665076,637411,667417,1304828,2969949,2999955,5969904
1999/1/1,All Australian Airports,2308083,2308083,4616166,711690,663273,1374963,3019773,2971356,5991129
1999/2/1,All Australian Airports,2081309,2081309,4162618,608912,533862,1142774,2690221,2615171,5305392
1999/3/1,All Australian Airports,2399634,2399634,4799268,602150,626197,1228347,3001784,3025831,6027615
1999/4/1,All Australian Airports,2334765,2334765,4669530,575080,609590,1184670,2909845,2944355,5854200
1999/5/1,All Australian Airports,2269470,2269470,4538940,517783,562137,1079920,2787253,2831607,5618860
1999/6/1,All Australian Airports,2318684,2318684,4637368,542817,590155,1132972,2861501,2908839,5770340
1999/7/1,All Australian Airports,2497419,2497419,4994838,706613,611044,1317657,3204032,3108463,6312495
1999/8/1,All Australian Airports,2488412,2488412,4976824,611009,672827,1283836,3099421,3161239,6260660
1999/9/1,All Australian Airports,2608033,2608033,5216066,645896,643786,1289682,3253929,3251819,6505748
1999/10/1,All Australian Airports,2693690,2693690,5387380,734824,611518,1346342,3428514,3305208,6733722
1999/11/1,All Australian Airports,2429967,2429967,4859934,643641,637963,1281604,3073608,3067930,6141538
1999/12/1,All Australian Airports,2386381,2386381,4772762,641908,681888,1323796,3028289,3068269,6096558
2000/1/1,All Australian Airports,2370043,2370043,4740086,719427,685967,1405394,3089470,3056010,6145480
2000/2/1,All Australian Airports,2257069,2257069,4514138,666259,590819,1257078,2923328,2847888,5771216
2000/3/1,All Australian Airports,2535211,2535211,5070422,626792,664433,1291225,3162003,3199644,6361647
2000/4/1,All Australian Airports,2479731,2479731,4959462,670585,705170,1375755,3150316,3184901,6335217
2000/5/1,All Australian Airports,2422777,2422777,4845554,559444,629995,1189439,2982221,3052772,6034993
2000/6/1,All Australian Airports,2497790,2497790,4995580,590606,631280,1221886,3088396,3129070,6217466
2000/7/1,All Australian Airports,2535504,2535504,5071008,765264,667776,1433040,3300768,3203280,6504048
2000/8/1,All Australian Airports,2642954,2642954,5285908,653600,692941,1346541,3296554,3335895,6632449
2000/9/1,All Australian Airports,2849341,2849341,5698682,709223,683155,1392378,3558564,3532496,7091060
2000/10/1,All Australian Airports,2823124,2823124,5646248,784022,701143,1485165,3607146,3524267,7131413
2000/11/1,All Australian Airports,2692183,2692183,5384366,729698,730454,1460152,3421881,3422637,6844518
2000/12/1,All Australian Airports,2726423,2726423,5452846,789820,839801,1629621,3516243,3566224,7082467
2001/1/1,All Australian Airports,2847491,2847491,5694982,855773,798087,1653860,3703264,3645578,7348842
2001/2/1,All Australian Airports,2352787,2352787,4705574,703576,615353,1318929,3056363,2968140,6024503
2001/3/1,All Australian Airports,2782038,2782038,5564076,688265,723252,1411517,3470303,3505290,6975593
2001/4/1,All Australian Airports,2842533,2842533,5685066,695693,729635,1425328,3538226,3572168,7110394
2001/5/1,All Australian Airports,2673538,2673538,5347076,582571,656184,1238755,3256109,3329722,6585831
2001/6/1,All Australian Airports,2632742,2632742,5265484,647013,684205,1331218,3279755,3316947,6596702
2001/7/1,All Australian Airports,2907667,2907667,5815334,819763,727134,1546897,3727430,3634801,7362231
2001/8/1,All Australian Airports,2787460,2787460,5574920,688655,739708,1428363,3476115,3527168,7003283
2001/9/1,All Australian Airports,2347364,2347364,4694728,691070,687638,1378708,3038434,3035002,6073436
2001/10/1,All Australian Airports,2294948,2294948,4589896,728889,607169,1336058,3023837,2902117,5925954
2001/11/1,All Australian Airports,2321690,2321690,4643380,617609,620179,1237788,2939299,2941869,5881168
2001/12/1,All Australian Airports,2396555,2396555,4793110,730275,762019,1492294,3126830,3158574,6285404
2002/1/1,All Australian Airports,2471797,2471797,4943594,782505,745134,1527639,3254302,3216931,6471233
2002/2/1,All Australian Airports,2261521,2261521,4523042,691276,625125,1316401,2952797,2886646,5839443
2002/3/1,All Australian Airports,2468809,2468809,4937618,718368,729751,1448119,3187177,3198560,6385737
2002/4/1,All Australian Airports,2340454,2340454,4680908,624593,673756,1298349,2965047,3014210,5979257
2002/5/1,All Australian Airports,2324569,2324569,4649138,574897,636866,1211763,2899466,2961435,5860901
2002/6/1,All Australian Airports,2240713,2240713,4481426,605461,658503,1263964,2846174,2899216,5745390
2002/7/1,All Australian Airports,2572593,2572593,5145186,778916,685532,1464448,3351509,3258125,6609634
2002/8/1,All Australian Airports,2528899,2528899,5057798,672938,713414,1386352,3201837,3242313,6444150
2002/9/1,All Australian Airports,2573222,2573222,5146444,675669,682676,1358345,3248891,3255898,6504789
2002/10/1,All Australian Airports,2766103,2766103,5532206,803668,654313,1457981,3569771,3420416,6990187
2002/11/1,All Australian Airports,2551573,2551573,5103146,693245,696741,1389986,3244818,3248314,6493132
2002/12/1,All Australian Airports,2603142,2603142,5206284,750231,808795,1559026,3353373,3411937,6765310
2003/1/1,All Australian Airports,2607689,2607689,5215378,829075,769151,1598226,3436764,3376840,6813604
2003/2/1,All Australian Airports,2351278,2351278,4702556,701588,612085,1313673,3052866,2963363,6016229
2003/3/1,All Australian Airports,2622464,2622464,5244928,649712,663428,1313140,3272176,3285892,6558068
2003/4/1,All Australian Airports,2577357,2577357,5154714,560217,582709,1142926,3137574,3160066,6297640
2003/5/1,All Australian Airports,2544617,2544617,5089234,479079,524420,1003499,3023696,3069037,6092733
2003/6/1,All Australian Airports,2522579,2522579,5045158,533464,587351,1120815,3056043,3109930,6165973
2003/7/1,All Australian Airports,2832204,2832204,5664408,754724,666609,1421333,3586928,3498813,7085741
2003/8/1,All Australian Airports,2781432,2781432,5562864,658166,714121,1372287,3439598,3495553,6935151
2003/9/1,All Australian Airports,2875928,2875928,5751856,713500,714859,1428359,3589428,3590787,7180215
2003/10/1,All Australian Airports,3087097,3087097,6174194,816054,678996,1495050,3903151,3766093,7669244
2003/11/1,All Australian Airports,2929558,2929558,5859116,750684,773851,1524535,3680242,3703409,7383651
2003/12/1,All Australian Airports,2975574,2975574,5951148,816867,900021,1716888,3792441,3875595,7668036
2004/1/1,All Australian Airports,2953134,2953134,5906268,920113,858477,1778590,3873247,3811611,7684858
2004/2/1,All Australian Airports,2708843,2708843,5417686,790773,686908,1477681,3499616,3395751,6895367
2004/3/1,All Australian Airports,3013823,3013823,6027646,736297,778057,1514354,3750120,3791880,7542000
2004/4/1,All Australian Airports,2964379,2964379,5928758,753982,794895,1548877,3718361,3759274,7477635
2004/5/1,All Australian Airports,2932377,2932377,5864754,651521,728844,1380365,3583898,3661221,7245119
2004/6/1,All Australian Airports,3020527,3020527,6041054,696054,776913,1472967,3716581,3797440,7514021
2004/7/1,All Australian Airports,3319111,3319111,6638222,936438,793611,1730049,4255549,4112722,8368271
2004/8/1,All Australian Airports,3303114,3303114,6606228,764352,817993,1582345,4067466,4121107,8188573
2004/9/1,All Australian Airports,3321828,3321828,6643656,797626,805829,1603455,4119454,4127657,8247111
2004/10/1,All Australian Airports,3446699,3446699,6893398,927928,773544,1701472,4374627,4220243,8594870
2004/11/1,All Australian Airports,3231481,3231481,6462962,823002,845498,1668500,4054483,4076979,8131462
2004/12/1,All Australian Airports,3217478,3217478,6434956,909487,1002908,1912395,4126965,4220386,8347351
2005/1/1,All Australian Airports,3190906,3190906,6381812,1060578,945553,2006131,4251484,4136459,8387943
2005/2/1,All Australian Airports,2968374,2968374,5936748,864702,763893,1628595,3833076,3732267,7565343
2005/3/1,All Australian Airports,3397851,3397851,6795702,861116,879480,1740596,4258967,4277331,8536298
2005/4/1,All Australian Airports,3328368,3328368,6656736,798150,838242,1636392,4126518,4166610,8293128
2005/5/1,All Australian Airports,3192886,3192886,6385772,691481,793283,1484764,3884367,3986169,7870536
2005/6/1,All Australian Airports,3168242,3168242,6336484,762552,852487,1615039,3930794,4020729,7951523
2005/7/1,All Australian Airports,3529690,3529690,7059380,1020181,858978,1879159,4549871,4388668,8938539
2005/8/1,All Australian Airports,3461486,3461486,6922972,830999,891251,1722250,4292485,4352737,8645222
2005/9/1,All Australian Airports,3562317,3562317,7124634,881772,860179,1741951,4444089,4422496,8866585
2005/10/1,All Australian Airports,3647540,3647540,7295080,973132,804152,1777284,4620672,4451692,9072364
2005/11/1,All Australian Airports,3457713,3457713,6915426,827355,863017,1690372,4285068,4320730,8605798
2005/12/1,All Australian Airports,3464337,3464337,6928674,931155,1024711,1955866,4395492,4489048,8884540
2006/1/1,All Australian Airports,3437991,3437991,6875982,1089012,952277,2041289,4527003,4390268,8917271
2006/2/1,All Australian Airports,3060873,3060873,6121746,886500,775376,1661876,3947373,3836249,7783622
2006/3/1,All Australian Airports,3489784,3489784,6979568,839841,858257,1698098,4329625,4348041,8677666
2006/4/1,All Australian Airports,3506049,3506049,7012098,841414,905572,1746986,4347463,4411621,8759084
2006/5/1,All Australian Airports,3427576,3427576,6855152,718313,794689,1513002,4145889,4222265,8368154
2006/6/1,All Australian Airports,3404918,3404918,6809836,783796,885022,1668818,4188714,4289940,8478654
2006/7/1,All Australian Airports,3803789,3803789,7607578,1027914,854156,1882070,4831703,4657945,9489648
2006/8/1,All Australian Airports,3719762,3719762,7439524,837360,887264,1724624,4557122,4607026,9164148
2006/9/1,All Australian Airports,3809933,3809933,7619866,908725,889284,1798009,4718658,4699217,9417875
2006/10/1,All Australian Airports,4002941,4002941,8005882,1025314,862386,1887700,5028255,4865327,9893582
2006/11/1,All Australian Airports,3851065,3851065,7702130,890377,892661,1783038,4741442,4743726,9485168
2006/12/1,All Australian Airports,3787100,3787100,7574200,994238,1087336,2081574,4781338,4874436,9655774
2007/1/1,All Australian Airports,3718489,3718489,7436978,1126388,1008044,2134432,4844877,4726533,9571410
2007/2/1,All Australian Airports,3354416,3354416,6708832,936238,815606,1751844,4290654,4170022,8460676
2007/3/1,All Australian Airports,3845355,3845355,7690710,939244,949218,1888462,4784599,4794573,9579172
2007/4/1,All Australian Airports,3778119,3778119,7556238,895544,940058,1835602,4673663,4718177,9391840
2007/5/1,All Australian Airports,3685294,3685294,7370588,768333,842185,1610518,4453627,4527479,8981106
2007/6/1,All Australian Airports,3616292,3616292,7232584,838202,921692,1759894,4454494,4537984,8992478
2007/7/1,All Australian Airports,4046509,4046509,8093018,1064144,917921,1982065,5110653,4964430,10075083
2007/8/1,All Australian Airports,4005460,4005460,8010920,919038,946558,1865596,4924498,4952018,9876516
2007/9/1,All Australian Airports,3954503,3954503,7909006,943556,964058,1907614,4898059,4918561,9816620
2007/10/1,All Australian Airports,4257419,4257419,8514838,1085834,895869,1981703,5343253,5153288,10496541
2007/11/1,All Australian Airports,4070303,4070303,8140606,950742,952034,1902776,5021045,5022337,10043382
2007/12/1,All Australian Airports,4053151,4053151,8106302,1009543,1145630,2155173,5062694,5198781,10261475
2008/1/1,All Australian Airports,4044248,4044248,8088496,1187381,1019944,2207325,5231629,5064192,10295821
2008/2/1,All Australian Airports,3835280,3835280,7670560,1018866,864662,1883528,4854146,4699942,9554088
2008/3/1,All Australian Airports,4233548,4233548,8467096,977974,990109,1968083,5211522,5223657,10435179
2008/4/1,All Australian Airports,4063065,4063065,8126130,909650,937104,1846754,4972715,5000169,9972884
2008/5/1,All Australian Airports,3986696,3986696,7973392,837552,908433,1745985,4824248,4895129,9719377
2008/6/1,All Australian Airports,3877865,3877865,7755730,869243,948728,1817971,4747108,4826593,9573701
2008/7/1,All Australian Airports,4334177,4334177,8668354,1147127,980606,2127733,5481304,5314783,10796087
2008/8/1,All Australian Airports,4168798,4168798,8337596,944922,980102,1925024,5113720,5148900,10262620
2008/9/1,All Australian Airports,4161343,4161343,8322686,933138,938860,1871998,5094481,5100203,10194684
2008/10/1,All Australian Airports,4498198,4498198,8996396,1104613,904177,2008790,5602811,5402375,11005186
2008/11/1,All Australian Airports,4138604,4138604,8277208,942575,947361,1889936,5081179,5085965,10167144
2008/12/1,All Australian Airports,4159061,4159061,8318122,1013369,1165534,2178903,5172430,5324595,10497025
2009/1/1,All Australian Airports,4158230,4158230,8316460,1223646,1025778,2249424,5381876,5184008,10565884
2009/2/1,All Australian Airports,3619150,3619150,7238300,969607,823540,1793147,4588757,4442690,9031447
2009/3/1,All Australian Airports,4159504,4159504,8319008,937697,933843,1871540,5097201,5093347,10190548
2009/4/1,All Australian Airports,4137771,4137771,8275542,971404,1004204,1975608,5109175,5141975,10251150
2009/5/1,All Australian Airports,3938304,3938304,7876608,842073,922435,1764508,4780377,4860739,9641116
2009/6/1,All Australian Airports,3791029,3791029,7582058,853975,975920,1829895,4645004,4766949,9411953
2009/7/1,All Australian Airports,4276480,4276480,8552960,1140351,999000,2139351,5416831,5275480,10692311
2009/8/1,All Australian Airports,4198264,4198264,8396528,994466,1005333,1999799,5192730,5203597,10396327
2009/9/1,All Australian Airports,4260649,4260649,8521298,1041573,1045194,2086767,5302222,5305843,10608065
2009/10/1,All Australian Airports,4499689,4499689,8999378,1195265,1022497,2217762,5694954,5522186,11217140
2009/11/1,All Australian Airports,4265190,4265190,8530380,1021470,1054438,2075908,5286660,5319628,10606288
2009/12/1,All Australian Airports,4208829,4208829,8417658,1115592,1287599,2403191,5324421,5496428,10820849
2010/1/1,All Australian Airports,4085092,4085092,8170184,1331612,1151057,2482669,5416704,5236149,10652853
2010/2/1,All Australian Airports,3911097,3911097,7822194,1078500,951627,2030127,4989597,4862724,9852321
2010/3/1,All Australian Airports,4408420,4408420,8816840,1052707,1092822,2145529,5461127,5501242,10962369
2010/4/1,All Australian Airports,4351804,4351804,8703608,1026383,1036390,2062773,5378187,5388194,10766381
2010/5/1,All Australian Airports,4153402,4153402,8306804,893089,993010,1886099,5046491,5146412,10192903
2010/6/1,All Australian Airports,4157903,4157903,8315806,963769,1131910,2095679,5121672,5289813,10411485
2010/7/1,All Australian Airports,4633143,4633143,9266286,1299592,1101544,2401136,5932735,5734687,11667422
2010/8/1,All Australian Airports,4519309,4519309,9038618,1083502,1130243,2213745,5602811,5649552,11252363
2010/9/1,All Australian Airports,4613390,4613390,9226780,1142673,1173690,2316363,5756063,5787080,11543143
2010/10/1,All Australian Airports,4831601,4831601,9663202,1288712,1084487,2373199,6120313,5916088,12036401
2010/11/1,All Australian Airports,4598356,4598356,9196712,1084692,1120950,2205642,5683048,5719306,11402354
2010/12/1,All Australian Airports,4691850,4691850,9383700,1184169,1393185,2577354,5876019,6085035,11961054
2011/1/1,All Australian Airports,4387291,4387291,8774582,1460356,1248767,2709123,5847647,5636058,11483705
2011/2/1,All Australian Airports,3922584,3922584,7845168,1139969,980257,2120226,5062553,4902841,9965394
2011/3/1,All Australian Airports,4534895,4534895,9069790,1055726,1055897,2111623,5590621,5590792,11181413
2011/4/1,All Australian Airports,4524875,4524875,9049750,1097300,1188149,2285449,5622175,5713024,11335199
2011/5/1,All Australian Airports,4378077,4378077,8756154,1010388,1069097,2079485,5388465,5447174,10835639
2011/6/1,All Australian Airports,4094318,4094318,8188636,991794,1164150,2155944,5086112,5258468,10344580
2011/7/1,All Australian Airports,4684113,4684113,9368226,1366044,1165850,2531894,6050157,5849963,11900120
2011/8/1,All Australian Airports,4549923,4549923,9099846,1144506,1164418,2308924,5694429,5714341,11408770
2011/9/1,All Australian Airports,4547061,4547061,9094122,1167424,1234511,2401935,5714485,5781572,11496057
2011/10/1,All Australian Airports,4691316,4691316,9382632,1356836,1119499,2476335,6048152,5810815,11858967
2011/11/1,All Australian Airports,4577231,4577231,9154462,1141680,1161292,2302972,5718911,5738523,11457434
2011/12/1,All Australian Airports,4555214,4555214,9110428,1219820,1451279,2671099,5775034,6006493,11781527
2012/1/1,All Australian Airports,4472116,4472116,8944232,1522951,1280575,2803526,5995067,5752691,11747758
2012/2/1,All Australian Airports,4121214,4121214,8242428,1202079,1018688,2220767,5323293,5139902,10463195
2012/3/1,All Australian Airports,4652634,4652634,9305268,1140970,1184391,2325361,5793604,5837025,11630629
2012/4/1,All Australian Airports,4528895,4528895,9057790,1176642,1202602,2379244,5705537,5731497,11437034
2012/5/1,All Australian Airports,4459804,4459804,8919608,1001277,1097826,2099103,5461081,5557630,11018711
2012/6/1,All Australian Airports,4355301,4355301,8710602,1093857,1267331,2361188,5449158,5622632,11071790
2012/7/1,All Australian Airports,4838402,4838402,9676804,1411426,1183757,2595183,6249828,6022159,12271987
2012/8/1,All Australian Airports,4753529,4753529,9507058,1191135,1227542,2418677,5944664,5981071,11925735
2012/9/1,All Australian Airports,4787153,4787153,9574306,1241037,1291879,2532916,6028190,6079032,12107222
2012/10/1,All Australian Airports,5039916,5039916,10079832,1410564,1162152,2572716,6450480,6202068,12652548
2012/11/1,All Australian Airports,4897939,4897939,9795878,1206638,1244036,2450674,6104577,6141975,12246552
2012/12/1,All Australian Airports,4745326,4745326,9490652,1314757,1534880,2849637,6060083,6280206,12340289
2013/1/1,All Australian Airports,4627987,4627987,9255974,1571356,1316140,2887496,6199343,5944127,12143470
2013/2/1,All Australian Airports,4128365,4128365,8256730,1235881,1077428,2313309,5364246,5205793,10570039
2013/3/1,All Australian Airports,4724011,4724011,9448022,1225650,1271601,2497251,5949661,5995612,11945273
2013/4/1,All Australian Airports,4728603,4728603,9457206,1215952,1233982,2449934,5944555,5962585,11907140
2013/5/1,All Australian Airports,4503041,4503041,9006082,1090305,1183884,2274189,5593346,5686925,11280271
2013/6/1,All Australian Airports,4434939,4434939,8869878,1148699,1319217,2467916,5583638,5754156,11337794
2013/7/1,All Australian Airports,5052156,5052156,10104312,1502141,1293265,2795406,6554297,6345421,12899718
2013/8/1,All Australian Airports,4845444,4845444,9690888,1305475,1338815,2644290,6150919,6184259,12335178
2013/9/1,All Australian Airports,4788515,4788515,9577030,1317813,1363172,2680985,6106328,6151687,12258015
2013/10/1,All Australian Airports,5179525,5179525,10359050,1496725,1212883,2709608,6676250,6392408,13068658
2013/11/1,All Australian Airports,4806105,4806105,9612210,1268103,1285380,2553483,6074208,6091485,12165693
2013/12/1,All Australian Airports,4926773,4926773,9853546,1403760,1666889,3070649,6330533,6593662,12924195
2014/1/1,All Australian Airports,4790292,4790292,9580584,1741156,1460453,3201609,6531448,6250745,12782193
2014/2/1,All Australian Airports,4206935,4206935,8413870,1320109,1170234,2490343,5527044,5377169,10904213
2014/3/1,All Australian Airports,4744919,4744919,9489838,1256750,1275028,2531778,6001669,6019947,12021616
2014/4/1,All Australian Airports,4757382,4757382,9514764,1319185,1390747,2709932,6076567,6148129,12224696
2014/5/1,All Australian Airports,4528746,4528746,9057492,1186430,1262179,2448609,5715176,5790925,11506101
2014/6/1,All Australian Airports,4447073,4447073,8894146,1174912,1410529,2585441,5621985,5857602,11479587
2014/7/1,All Australian Airports,4998291,4998291,9996582,1599897,1357325,2957222,6598188,6355616,12953804
2014/8/1,All Australian Airports,4796038,4796038,9592076,1341299,1402976,2744275,6137337,6199014,12336351
2014/9/1,All Australian Airports,4805093,4805093,9610186,1377010,1404018,2781028,6182103,6209111,12391214
2014/10/1,All Australian Airports,5238762,5238762,10477524,1556897,1297662,2854559,6795659,6536424,13332083
2014/11/1,All Australian Airports,4767191,4767191,9534382,1322483,1346054,2668537,6089674,6113245,12202919
2014/12/1,All Australian Airports,4885749,4885749,9771498,1449684,1710071,3159755,6335433,6595820,12931253
2015/1/1,All Australian Airports,4630762,4630762,9261524,1784287,1498628,3282915,6415049,6129390,12544439
2015/2/1,All Australian Airports,4183063,4183063,8366126,1410790,1240775,2651565,5593853,5423838,11017691
2015/3/1,All Australian Airports,4792040,4792040,9584080,1370140,1432073,2802213,6162180,6224113,12386293
2015/4/1,All Australian Airports,4722433,4722433,9444866,1361635,1384880,2746515,6084068,6107313,12191381
2015/5/1,All Australian Airports,4501749,4501749,9003498,1218186,1309275,2527461,5719935,5811024,11530959
2015/6/1,All Australian Airports,4432717,4432717,8865434,1232005,1456587,2688592,5664722,5889304,11554026
2015/7/1,All Australian Airports,5113160,5113160,10226320,1649910,1439511,3089421,6763070,6552671,13315741
2015/8/1,All Australian Airports,4767313,4767313,9534626,1417242,1453713,2870955,6184555,6221026,12405581
2015/9/1,All Australian Airports,4866878,4866878,9733756,1458846,1474613,2933459,6325724,6341491,12667215
2015/10/1,All Australian Airports,5158576,5158576,10317152,1631063,1391059,3022122,6789639,6549635,13339274
2015/11/1,All Australian Airports,4917705,4917705,9835410,1403347,1420285,2823632,6321052,6337990,12659042
2015/12/1,All Australian Airports,5028280,5028280,10056560,1580055,1847744,3427799,6608335,6876024,13484359
2016/1/1,All Australian Airports,4792766,4792766,9585532,1918216,1642055,3560271,6710982,6434821,13145803
2016/2/1,All Australian Airports,4440650,4440650,8881300,1560626,1375056,2935682,6001276,5815706,11816982
2016/3/1,All Australian Airports,4948572,4948572,9897144,1470828,1538489,3009317,6419400,6487061,12906461
2016/4/1,All Australian Airports,4813506,4813506,9627012,1481132,1478130,2959262,6294638,6291636,12586274
2016/5/1,All Australian Airports,4637908,4637908,9275816,1301845,1389018,2690863,5939753,6026926,11966679
2016/6/1,All Australian Airports,4578644,4578644,9157288,1330046,1575902,2905948,5908690,6154546,12063236
2016/7/1,All Australian Airports,5156435,5156435,10312870,1832875,1574975,3407850,6989310,6731410,13720720
2016/8/1,All Australian Airports,4856516,4856516,9713032,1514269,1548743,3063012,6370785,6405259,12776044
2016/9/1,All Australian Airports,5029232,5029232,10058464,1583513,1592100,3175613,6612745,6621332,13234077
2016/10/1,All Australian Airports,5210059,5210059,10420118,1740278,1485480,3225758,6950337,6695539,13645876
2016/11/1,All Australian Airports,5021928,5021928,10043856,1489028,1536531,3025559,6510956,6558459,13069415
2016/12/1,All Australian Airports,5108085,5108085,10216170,1691033,1966585,3657618,6799118,7074670,13873788
2017/1/1,All Australian Airports,4943529,4943529,9887058,2044464,1757649,3802113,6987993,6701178,13689171
2017/2/1,All Australian Airports,4326950,4326950,8653900,1599434,1371201,2970635,5926384,5698151,11624535
2017/3/1,All Australian Airports,4971221,4971221,9942442,1509048,1550291,3059339,6480269,6521512,13001781
2017/4/1,All Australian Airports,4907642,4907642,9815284,1634650,1673176,3307826,6542292,6580818,13123110
2017/5/1,All Australian Airports,4711540,4711540,9423080,1391507,1479723,2871230,6103047,6191263,12294310
2017/6/1,All Australian Airports,4661036,4661036,9322072,1425247,1669146,3094393,6086283,6330182,12416465
2017/7/1,All Australian Airports,5268550,5268550,10537100,1897855,1643059,3540914,7166405,6911609,14078014
2017/8/1,All Australian Airports,4946975,4946975,9893950,1607947,1642140,3250087,6554922,6589115,13144037
2017/9/1,All Australian Airports,5036267,5036267,10072534,1649934,1680464,3330398,6686201,6716731,13402932
2017/10/1,All Australian Airports,5383951,5383951,10767902,1826871,1543057,3369928,7210822,6927008,14137830
2017/11/1,All Australian Airports,5180835,5180835,10361670,1571174,1620735,3191909,6752009,6801570,13553579
2017/12/1,All Australian Airports,5210078,5210078,10420156,1773170,2053765,3826935,6983248,7263843,14247091
2018/1/1,All Australian Airports,5043999,5043999,10087998,2098405,1786996,3885401,7142404,6830995,13973399
2018/2/1,All Australian Airports,4504532,4504532,9009064,1697805,1489815,3187620,6202337,5994347,12196684
2018/3/1,All Australian Airports,5190412,5190412,10380824,1660037,1710242,3370279,6850449,6900654,13751103
2018/4/1,All Australian Airports,5039703,5039703,10079406,1664141,1697992,3362133,6703844,6737695,13441539
2018/5/1,All Australian Airports,4822555,4822555,9645110,1477266,1549386,3026652,6299821,6371941,12671762
2018/6/1,All Australian Airports,4675646,4675646,9351292,1504833,1772073,3276906,6180479,6447719,12628198
2018/7/1,All Australian Airports,5397177,5397177,10794354,1994170,1716945,3711115,7391347,7114122,14505469
2018/8/1,All Australian Airports,5143248,5143248,10286496,1711828,1757645,3469473,6855076,6900893,13755969
2018/9/1,All Australian Airports,5040389,5040389,10080778,1710672,1752050,3462722,6751061,6792439,13543500
2018/10/1,All Australian Airports,5452401,5452401,10904802,1925383,1622374,3547757,7377784,7074775,14452559
2018/11/1,All Australian Airports,5186397,5186397,10372794,1636769,1687907,3324676,6823166,6874304,13697470
2018/12/1,All Australian Airports,5101681,5101681,10203362,1808282,2142297,3950579,6909963,7243978,14153941
2019/1/1,All Australian Airports,5027336,5027336,10054672,2187442,1885630,4073072,7214778,6912966,14127744
2019/2/1,All Australian Airports,4463182,4463182,8926364,1757525,1499283,3256808,6220707,5962465,12183172
2019/3/1,All Australian Airports,5021745,5021745,10043490,1629562,1655711,3285273,6651307,6677456,13328763
2019/4/1,All Australian Airports,5110268,5110268,10220536,1701680,1801316,3502996,6811948,6911584,13723532
2019/5/1,All Australian Airports,4845606,4845606,9691212,1579940,1627989,3207929,6425546,6473595,12899141
2019/6/1,All Australian Airports,4667607,4667607,9335214,1545754,1782850,3328604,6213361,6450457,12663818
2019/7/1,All Australian Airports,5410063,5410063,10820126,1985113,1750509,3735622,7395176,7160572,14555748
2019/8/1,All Australian Airports,5154156,5154156,10308312,1766857,1801853,3568710,6921013,6956009,13877022
2019/9/1,All Australian Airports,5145952,5145952,10291904,1721451,1775323,3496774,6867403,6921275,13788678
2019/10/1,All Australian Airports,5604724,5604724,11209448,1926727,1660515,3587242,7531451,7265239,14796690
